Version 0.9.7
5
 4 10 175 77 128 0 1
 5 80 400 206 81 2 2
 0 122 107 877 276 8 3
 1 168 382 206 81 140 4
 3 262 34 203 58 150 5
 0
32
 16711680 5 942 121 942 121 942 121 942 355 942 355 942 355 0 3 0 3
 255 5 929 134 929 134 929 134 929 368 929 368 929 368 0 3 0 3
 255 5 71 189 71 189 71 134 71 134 175 134 175 134 0 1 0 3
 16711680 5 71 288 71 288 71 355 71 355 175 355 175 355 0 1 0 3
 255 5 266 173 266 173 266 173 266 134 266 134 266 134 0 3 0 3
 16711680 5 344 316 344 316 344 316 344 355 344 355 344 355 0 3 0 3
 16711680 5 273 71 273 122 91 122 91 275 71 275 71 275 0 5 0 1
 16711680 5 183 451 183 451 57 451 57 262 71 262 71 262 0 4 0 1
 255 5 71 202 71 202 112 202 112 393 183 393 183 393 0 1 0 4
 16711680 5 448 316 448 316 448 316 448 355 448 355 448 355 0 3 0 3
 255 5 370 173 370 173 370 173 370 134 370 134 370 134 0 3 0 3
 255 5 487 173 487 173 487 173 487 134 487 134 487 134 0 3 0 3
 16711680 5 565 316 565 316 565 316 565 355 565 355 565 355 0 3 0 3
 8421631 5 224 393 224 393 224 277 224 277 266 277 266 277 0 4 0 3
 8454143 5 243 393 243 393 243 311 292 311 292 303 292 303 0 4 0 3
 8421631 5 266 290 266 290 266 286 370 286 370 290 370 290 0 3 0 3
 8454016 5 305 303 305 303 305 303 383 303 383 303 383 303 0 3 0 3
 8454143 5 292 290 292 290 292 295 422 295 422 290 422 290 0 3 0 3
 16777088 5 396 290 396 290 396 287 487 287 487 290 487 290 0 3 0 3
 16744448 5 435 277 435 277 435 277 500 277 500 277 500 277 0 3 0 3
 8454016 5 279 277 279 277 279 275 409 275 409 277 409 277 0 3 0 3
 12615935 5 409 212 409 212 409 212 461 212 461 212 461 212 0 3 0 3
 12615935 5 461 225 461 225 461 225 461 264 461 264 461 264 0 3 0 3
 12615935 5 461 303 461 303 461 303 526 303 526 303 526 303 0 3 0 3
 16744703 5 513 290 513 290 513 290 539 290 539 290 539 290 0 3 0 3
 16711935 5 552 290 552 290 587 290 587 78 448 78 448 78 0 3 0 5
 8454016 5 279 303 279 303 279 303 253 303 253 303 253 303 0 3 0 3
 8454016 5 253 264 253 264 253 264 253 225 253 225 253 225 0 3 0 3
 8454016 5 253 212 253 212 253 212 383 212 383 212 383 212 0 3 0 3
 8453888 5 240 290 240 290 240 290 305 290 305 290 305 290 0 3 0 3
 8453888 5 240 264 240 264 240 264 240 225 240 225 240 225 0 3 0 3
 8453888 5 240 199 240 199 240 199 396 199 396 199 396 199 0 3 0 3
3
 7004 1 14 260 225 5 0 0 10312 3
 7008 1 14 364 225 5 0 0 4 3
 7032 1 14 481 225 5 0 0 10312 3
