Version 0.9.7
5
 4 10 175 77 128 0 1
 5 80 400 206 81 2 2
 0 129 116 877 276 8 3
 1 136 406 206 81 140 4
 3 324 56 203 58 150 5
 0
33
 16711680 5 936 130 936 130 936 130 936 364 936 364 936 364 0 3 0 3
 16711680 5 71 288 71 288 71 364 71 364 182 364 182 364 0 1 0 3
 255 5 949 143 949 143 949 143 949 377 949 377 949 377 0 3 0 3
 255 5 71 189 71 189 70 189 70 143 182 143 182 143 0 1 0 3
 16711680 5 151 475 151 475 55 475 55 275 71 275 71 275 0 4 0 1
 16711680 5 325 325 325 325 325 325 325 364 325 364 325 364 0 3 0 3
 16711680 5 442 325 442 325 442 325 442 364 442 364 442 364 0 3 0 3
 16711680 5 559 325 559 325 559 325 559 364 559 364 559 364 0 3 0 3
 255 5 247 182 247 182 247 182 247 143 247 143 247 143 0 3 0 3
 255 5 364 182 364 182 364 182 364 143 364 143 364 143 0 3 0 3
 255 5 481 182 481 182 481 182 481 143 481 143 481 143 0 3 0 3
 16711680 5 335 93 335 93 55 93 55 262 71 262 71 262 0 5 0 1
 8454143 5 192 443 192 443 192 312 192 312 247 312 247 312 0 4 0 3
 8454143 5 260 312 260 312 260 312 364 312 364 312 364 312 0 3 0 3
 8454016 5 273 299 273 299 273 305 377 305 377 299 377 299 0 3 0 3
 8454016 5 211 443 211 443 214 443 214 325 273 325 273 325 0 4 0 3
 8453888 5 286 286 286 286 286 284 481 284 481 286 481 286 0 3 0 3
 8388736 5 598 299 598 299 598 299 598 299 715 299 715 299 0 3 0 3
 65793 5 819 273 819 273 819 273 819 234 819 234 819 234 0 3 0 3
 65793 5 819 221 819 221 819 100 819 100 510 100 510 100 0 3 0 5
 255 5 598 143 598 143 598 143 598 182 598 182 598 182 0 3 0 3
 255 5 715 143 715 143 715 143 715 182 715 182 715 182 0 3 0 3
 16711680 5 676 325 676 325 676 325 676 364 676 364 676 364 0 3 0 3
 16711680 5 793 325 793 325 793 325 793 364 793 364 793 364 0 3 0 3
 8421376 5 312 325 312 325 312 319 728 319 728 325 728 325 0 3 0 3
 16777088 5 390 312 390 312 390 306 611 306 611 312 611 312 0 3 0 3
 8421631 5 507 286 507 286 507 286 624 286 624 286 624 286 0 3 0 3
 8454143 5 247 286 247 286 247 277 494 277 494 286 494 286 0 3 0 3
 16744448 5 494 299 494 299 494 299 520 299 520 299 520 299 0 3 0 3
 16744448 5 533 312 533 312 533 312 377 312 377 312 377 312 0 3 0 3
 4227327 5 546 299 546 299 546 293 299 293 299 299 299 299 0 3 0 3
 255 5 151 417 151 417 94 417 94 202 71 202 71 202 0 4 0 1
 0 5 819 286 819 286 819 286 741 286 741 286 741 286 0 3 0 3
5
 7008 1 14 358 234 5 0 0 9008 3
 7086 1 14 475 234 5 0 0 9008 3
 7004 1 14 241 234 5 0 0 9008 3
 7002 1 14 592 234 5 0 0 9008 3
 7032 1 14 709 234 5 0 0 9008 3
