Version 0.9.7
5
 4 10 175 77 128 0 1
 5 80 400 206 81 2 2
 0 122 107 877 276 8 3
 1 168 382 206 81 140 4
 3 262 34 203 58 150 5
 0
12
 16711680 5 942 121 942 121 942 121 942 355 942 355 942 355 0 3 0 3
 255 5 929 134 929 134 929 134 929 368 929 368 929 368 0 3 0 3
 255 5 71 189 71 189 71 134 71 134 175 134 175 134 0 1 0 3
 16711680 5 71 288 71 288 71 355 71 355 175 355 175 355 0 1 0 3
 255 5 266 173 266 173 266 173 266 134 266 134 266 134 0 3 0 3
 16711680 5 344 316 344 316 344 316 344 355 344 355 344 355 0 3 0 3
 16711680 5 273 71 273 71 91 71 91 275 71 275 71 275 0 5 0 1
 16711680 5 183 451 183 451 57 451 57 262 71 262 71 262 0 4 0 1
 255 5 71 202 71 202 112 202 112 393 183 393 183 393 0 1 0 4
 8454143 5 224 393 224 393 227 393 227 316 279 316 279 316 0 4 0 3
 8454016 5 243 393 243 393 293 393 293 316 292 316 292 316 0 4 0 3
 16777088 5 266 277 266 277 448 277 448 277 448 78 448 78 0 3 0 5
1
 7002 1 14 260 225 5 0 0 13628 3
