Version 0.9.7
5
 4 10 175 77 128 0 1
 5 80 400 206 81 2 2
 0 110 110 877 276 8 3
 1 129 390 206 81 150 4
 3 372 35 203 58 168 5
 0
35
 255 5 930 137 930 137 930 137 930 371 930 371 930 371 0 3 0 3
 16711680 5 71 288 71 288 71 358 71 358 163 358 163 358 0 1 0 3
 16711680 5 917 124 917 124 917 124 917 358 917 358 917 358 0 3 0 3
 255 5 71 189 71 189 72 189 72 137 163 137 163 137 0 1 0 3
 255 5 71 202 71 202 14 202 14 401 144 401 144 401 0 1 0 4
 16711680 5 71 275 71 275 57 275 57 459 144 459 144 459 0 1 0 4
 8454143 5 185 401 185 401 185 319 185 319 189 319 189 319 0 4 0 3
 8454016 5 204 401 204 401 213 401 213 319 215 319 215 319 0 4 0 3
 16711680 5 267 319 267 319 267 319 267 358 267 358 267 358 0 3 0 3
 255 5 189 176 189 176 189 176 189 137 189 137 189 137 0 3 0 3
 16711680 5 71 262 71 262 99 262 99 72 383 72 383 72 0 1 0 5
 16711680 5 410 319 410 319 410 319 410 358 410 358 410 358 0 3 0 3
 255 5 332 176 332 176 332 176 332 137 332 137 332 137 0 3 0 3
 8454016 5 215 293 215 293 215 290 345 290 345 293 345 293 0 3 0 3
 16777088 5 202 306 202 306 202 311 332 311 332 306 332 306 0 3 0 3
 16744448 5 358 306 358 306 425 306 425 79 418 79 418 79 0 3 0 5
 8454143 5 189 280 189 280 189 280 371 280 371 280 371 280 0 3 0 3
 8454016 5 345 319 345 319 345 319 384 319 384 319 384 319 0 3 0 3
 8454143 5 189 293 189 293 189 296 280 296 280 293 280 293 0 3 0 3
 8454143 5 280 267 280 267 280 267 280 228 280 228 280 228 0 3 0 3
 8454143 5 280 215 280 215 280 215 345 215 345 215 345 215 0 3 0 3
 16711935 5 228 306 228 306 228 306 293 306 293 306 293 306 0 3 0 3
 16711935 5 293 267 293 267 293 267 293 228 293 228 293 228 0 3 0 3
 16711935 5 293 202 293 202 293 202 358 202 358 202 358 202 0 3 0 3
 16711680 5 553 319 553 319 553 319 553 358 553 358 553 358 0 3 0 3
 255 5 475 176 475 176 475 176 475 137 475 137 475 137 0 3 0 3
 16744448 5 358 293 358 293 358 293 475 293 475 293 475 293 0 3 0 3
 12615935 5 397 319 397 319 397 319 488 319 488 319 488 319 0 3 0 3
 8388863 5 462 215 462 215 462 215 371 215 371 215 371 215 0 3 0 3
 8388863 5 462 228 462 228 462 228 462 267 462 267 462 267 0 3 0 3
 8388863 5 527 306 527 306 527 306 462 306 462 306 462 306 0 3 0 3
 16777215 5 501 280 501 280 501 280 514 280 514 280 514 280 0 3 0 3
 65793 5 540 280 540 280 592 280 592 79 558 79 558 79 0 3 0 5
 8388863 5 438 79 438 79 438 202 438 202 371 202 371 202 0 5 0 3
 12615935 5 397 280 397 280 453 280 453 79 458 79 458 79 0 3 0 5
3
 7004 1 14 183 228 5 0 0 14184 3
 7008 1 14 326 228 5 0 0 14184 3
 7032 1 14 469 228 5 0 0 14184 3
