Version 0.9.7
5
 4 10 175 77 128 0 1
 5 80 400 206 81 2 2
 0 110 110 877 276 8 3
 1 150 405 206 81 272 5
 3 312 29 203 58 282 6
 0
21
 16711680 5 930 358 930 358 930 358 930 124 930 124 930 124 0 3 0 3
 255 5 917 137 917 137 917 137 917 371 917 371 917 371 0 3 0 3
 255 5 71 189 71 189 71 137 71 137 163 137 163 137 0 1 0 3
 16711680 5 71 288 71 288 71 358 71 358 163 358 163 358 0 1 0 3
 255 5 165 416 165 416 98 416 98 202 71 202 71 202 0 5 0 1
 16711680 5 71 275 71 275 59 275 59 474 165 474 165 474 0 1 0 5
 16711680 5 71 262 71 262 57 262 57 66 323 66 323 66 0 1 0 6
 8454143 5 206 416 206 416 188 416 188 73 358 73 358 73 0 5 0 6
 255 5 228 137 228 137 228 137 228 176 228 176 228 176 0 3 0 3
 16711680 5 306 319 306 319 306 319 306 358 306 358 306 358 0 3 0 3
 8454143 5 206 429 206 429 206 280 206 280 228 280 228 280 0 5 0 3
 8454016 5 225 416 225 416 225 293 225 293 241 293 241 293 0 5 0 3
 8453888 5 254 280 254 280 378 280 378 280 378 73 378 73 0 3 0 6
 16777088 5 244 416 244 416 244 319 244 319 280 319 280 319 0 5 0 3
 8453888 5 241 306 241 306 241 306 267 306 267 306 267 306 0 3 0 3
 16744448 5 293 306 293 306 398 306 398 306 398 73 398 73 0 3 0 6
 16777088 5 280 293 280 293 280 293 319 293 319 293 319 293 0 3 0 3
 16777088 5 319 228 319 228 319 228 319 267 319 267 319 267 0 3 0 3
 16777088 5 241 215 241 215 241 215 319 215 319 215 319 215 0 3 0 3
 12615935 5 263 416 263 416 431 416 431 202 254 202 254 202 0 5 0 3
 16744703 5 267 189 267 189 418 189 418 189 418 73 418 73 0 3 0 6
1
 7086 1 14 222 228 5 0 0 3376 3
