Version 0.9.7
5
 4 10 175 77 128 0 1
 5 80 400 206 81 2 2
 0 110 110 877 276 8 3
 1 106 388 206 81 140 4
 3 744 51 203 58 190 5
 0
56
 16711680 5 71 288 71 288 71 358 71 358 163 358 163 358 0 1 0 3
 16711680 5 930 358 930 358 930 358 930 124 930 124 930 124 0 3 0 3
 255 5 71 189 71 189 71 137 71 137 163 137 163 137 0 1 0 3
 255 5 917 371 917 371 917 371 917 137 917 137 917 137 0 3 0 3
 255 5 71 202 71 202 4 202 4 399 121 399 121 399 0 1 0 4
 16711680 5 71 275 71 275 15 275 15 457 121 457 121 457 0 1 0 4
 16711680 5 254 319 254 319 254 319 254 358 254 358 254 358 0 3 0 3
 255 5 176 176 176 176 176 176 176 137 176 137 176 137 0 3 0 3
 8421631 5 181 399 181 399 176 399 176 399 176 319 176 319 0 4 0 3
 8454143 5 200 399 200 399 203 399 203 319 202 319 202 319 0 4 0 3
 16711680 5 358 319 358 319 358 319 358 358 358 358 358 358 0 3 0 3
 255 5 280 137 280 137 280 137 280 176 280 176 280 176 0 3 0 3
 255 5 384 176 384 176 384 176 384 137 384 137 384 137 0 3 0 3
 255 5 488 176 488 176 488 176 488 137 488 137 488 137 0 3 0 3
 16711680 5 462 319 462 319 462 319 462 358 462 358 462 358 0 3 0 3
 16711680 5 566 319 566 319 566 319 566 358 566 358 566 358 0 3 0 3
 16711680 5 670 319 670 319 670 319 670 358 670 358 670 358 0 3 0 3
 16711680 5 774 319 774 319 774 319 774 358 774 358 774 358 0 3 0 3
 255 5 592 176 592 176 592 176 592 137 592 137 592 137 0 3 0 3
 255 5 696 137 696 137 696 137 696 176 696 176 696 176 0 3 0 3
 16711680 5 71 262 71 262 57 262 57 88 755 88 755 88 0 1 0 5
 8454016 5 219 399 219 399 219 399 228 399 228 319 228 319 0 4 0 3
 8453888 5 238 399 238 399 267 399 267 215 189 215 189 215 0 4 0 3
 16777088 5 215 280 215 280 215 280 280 280 280 280 280 280 0 3 0 3
 16744448 5 241 293 241 293 241 293 293 293 293 293 293 293 0 3 0 3
 8453888 5 238 412 238 412 319 412 319 412 319 306 319 306 0 4 0 3
 12615935 5 306 293 306 293 306 294 332 294 332 293 332 293 0 3 0 3
 16744703 5 345 319 345 319 345 319 592 319 592 319 592 319 0 3 0 3
 8454143 5 202 280 202 280 202 202 202 202 293 202 293 202 0 3 0 3
 8454016 5 228 293 228 293 228 189 228 189 306 189 306 189 0 3 0 3
 255 5 319 202 319 202 319 202 345 202 345 202 345 202 0 3 0 3
 65408 5 618 293 618 293 618 293 644 293 644 293 644 293 0 3 0 3
 4259584 5 162 425 162 425 384 425 384 425 384 306 384 306 0 4 0 3
 12615935 5 332 280 332 280 332 280 397 280 397 280 397 280 0 3 0 3
 16776960 5 410 280 410 280 410 280 631 280 631 280 631 280 0 3 0 3
 16777088 5 280 306 280 306 280 313 423 313 423 306 423 306 0 3 0 3
 12615680 5 449 293 449 293 449 222 397 222 397 215 397 215 0 3 0 3
 12615808 5 202 189 202 189 202 183 410 183 410 189 410 189 0 3 0 3
 16711935 5 605 202 605 202 605 203 423 203 423 202 423 202 0 3 0 3
 4210816 5 618 215 618 215 655 215 655 280 657 280 657 280 0 3 0 3
 4227327 5 189 293 189 293 189 336 488 336 488 293 488 293 0 3 0 3
 8454143 5 293 215 293 215 293 209 501 209 501 293 501 293 0 3 0 3
 12615808 5 410 202 410 202 412 202 412 332 527 332 527 293 0 3 0 3
 65280 5 514 306 514 306 514 306 540 306 540 306 540 306 0 3 0 3
 8421376 5 644 202 644 209 552 209 552 293 553 293 553 293 0 3 0 3
 8421631 5 176 293 130 293 130 130 501 130 501 189 501 189 0 3 0 3
 16744448 5 293 280 293 280 307 280 307 195 514 195 514 189 0 3 0 3
 8388863 5 527 176 527 176 527 176 553 176 553 176 553 176 0 3 0 3
 8453888 5 189 176 189 176 189 163 540 163 540 189 540 189 0 3 0 3
 0 5 631 189 631 189 631 189 657 189 657 189 657 189 0 3 0 3
 32896 5 670 202 670 202 670 202 709 202 709 202 709 202 0 3 0 3
 4227200 5 566 189 566 189 566 180 722 180 722 189 722 189 0 3 0 3
 8421504 5 735 189 735 189 790 189 790 189 790 95 790 95 0 3 0 5
 8453888 5 319 280 319 280 319 215 319 215 332 215 332 215 0 3 0 3
 16744703 5 358 215 358 246 603 246 603 293 605 293 605 293 0 3 0 3
 8454016 5 436 306 436 306 436 306 228 306 228 306 228 306 0 3 0 3
6
 7004 1 14 170 228 5 0 0 5628 3
 7008 1 14 274 228 5 0 0 5628 3
 7008 1 14 378 228 5 0 0 5628 3
 7008 1 14 482 228 5 0 0 5628 3
 7032 1 14 586 228 5 0 0 5628 3
 7032 1 14 690 228 5 0 0 5628 3
